15189494079
13772368286
15271041688
13599795011
15098122239
13513522771
15803985643
13359113631
15206433253
15095020189
15179771959
18393017040
18740751712
15055634251
15221013944
13771473434
15715159021
18251134275
13621674977
15207797597
18215491613
13814359252
15862496277
15029790287
13509113934
18791158110
13146650817
13661788556
13708802536
15154919992
18893659880
18876561992
13974499531
18877323224
18700230727
18276760363
15077909971
18605007649
13577324955
18860114914
15278557850
15295818049
15173950618
15208279775
15147716087
13919859931
13153756229
18255025855
15159727630
13606021577
13696662911
13860860744
15023516828
13488066716
15271035810
18563562986
13709224021
13471470697
15812118554
13548179127
18393116018
18301768531
13916651132
13817737668
15116136298
18378431924
13529782700
13559204807
13959080037
15216711667
18359263510
15821621320
13874779066
15909230078
13992827380
15291791400
13648489105
13737614352
13568632623
13888723300
13984943835
13865837552
15045858318
13675511531
15755096080
15777242061
13768164427
18700396052
18317096929
15977336476
18705014737
18789118451
15296296723
15213634602
15955498994
18282655056
15934839919
18889406472
18391991496
13788512162
18840390106
18750211437
15977336474
18791100531
14729193023
18791019105
13762794065
13774329246
18726482639
13901724320
18719718313
18256372789
13865315727
13873516629
18202375618
13512964530
18390733692
18753706380